$15 = {1.0590544390462453, -0.25635842045876256, -0.0028672031540056715, 0.048111589346864242, -7.2608835620884462e-17, 0.018013565684416252, 0.0076095563613165209, -0.25635842045876256, 1.1470471381800518, 0.014109744483283925, -0.26977519550825491, -3.4682900671598392e-16, -0.17517729603728951, -0.11594394185308364, -0.0028672031540056715, 0.014109744483283925, 0.26745275555099735, -0.045187059986630501, -1.1690207298595011e-16, 0.259298231573521, -0.27479119411440084, 0.048111589346864242, -0.26977519550825491, -0.045187059986630501, 0.37273260175981598, -4.1061919529399515e-16, 0.28549550379164584, 0.28208733399787889, -7.2608835620884462e-17, -3.4682900671598392e-16, -1.1690207298595011e-16, -4.1061919529399515e-16, 1, 7.7365588210204352e-16, 8.443659957033068e-17, 0.018013565684416252, -0.17517729603728951, 0.259298231573521, 0.28549550379164584, 7.7365588210204352e-16, 0.55139252236094571, -0.049844856935617854, 0.0076095563613165209, -0.11594394185308364, -0.27479119411440084, 0.28208733399787889, 8.443659957033068e-17, -0.049844856935617854, 0.43985901148708118}
